0 0.169140625 0.14305555555555555 0.08671875 0.16666666666666666
1 0.10078125 0.44375 0.071875 0.12638888888888888
2 0.104296875 0.32083333333333336 0.07890625 0.10833333333333334
3 0.14453125 0.24513888888888888 0.071875 0.09861111111111111
4 0.234375 0.21319444444444444 0.06875 0.1125
5 0.308203125 0.2388888888888889 0.06953125 0.125
6 0.302734375 0.42083333333333334 0.06953125 0.15555555555555556
7 0.223828125 0.5305555555555556 0.16484375 0.15833333333333333
8 0.198828125 0.3590277777777778 0.16171875 0.31527777777777777
9 0.18515625 0.7305555555555555 0.0671875 0.10555555555555556
10 0.16875 0.9166666666666666 0.0921875 0.1361111111111111
11 0.2640625 0.7097222222222223 0.06875 0.10833333333333334
12 0.275 0.925 0.0890625 0.1361111111111111
