0 0.16171875 0.14444444444444443 0.06875 0.16666666666666666
2 0.051953125 0.3104166666666667 0.06328125 0.12083333333333333
3 0.125 0.25416666666666665 0.0765625 0.1111111111111111
4 0.24453125 0.23472222222222222 0.090625 0.11944444444444445
5 0.321875 0.24930555555555556 0.053125 0.12638888888888888
6 0.38671875 0.33541666666666664 0.0703125 0.15138888888888888
7 0.22265625 0.5368055555555555 0.165625 0.15416666666666667
8 0.190625 0.3590277777777778 0.1609375 0.2708333333333333
9 0.183984375 0.7229166666666667 0.07421875 0.10416666666666667
10 0.16171875 0.9284722222222223 0.0890625 0.12361111111111112
11 0.262109375 0.73125 0.07734375 0.10694444444444444
12 0.277734375 0.9368055555555556 0.09453125 0.1125
