0 0.166015625 0.15 0.07734375 0.18055555555555555
1 0.09765625 0.45 0.078125 0.14166666666666666
2 0.096484375 0.32013888888888886 0.05234375 0.10694444444444444
3 0.128125 0.23541666666666666 0.059375 0.1125
4 0.23125 0.24166666666666667 0.0625 0.12777777777777777
5 0.2984375 0.3576388888888889 0.0609375 0.0875
6 0.305078125 0.5013888888888889 0.05703125 0.11666666666666667
7 0.22734375 0.5409722222222222 0.1359375 0.14305555555555555
8 0.190625 0.3680555555555556 0.1546875 0.30277777777777776
9 0.18984375 0.74375 0.0640625 0.10694444444444444
10 0.164453125 0.9263888888888889 0.08203125 0.12222222222222222
11 0.262890625 0.7222222222222222 0.06796875 0.09722222222222222
12 0.272265625 0.9256944444444445 0.07734375 0.14027777777777778
