0 0.198828125 0.16458333333333333 0.08203125 0.15138888888888888
1 0.078125 0.45625 0.053125 0.11527777777777778
2 0.114453125 0.31527777777777777 0.05390625 0.125
3 0.14921875 0.2520833333333333 0.075 0.10972222222222222
4 0.264453125 0.27152777777777776 0.08046875 0.14027777777777778
5 0.333984375 0.30625 0.08203125 0.1125
6 0.385546875 0.4583333333333333 0.08828125 0.13333333333333333
7 0.198828125 0.5701388888888889 0.15234375 0.15694444444444444
8 0.209375 0.4013888888888889 0.1359375 0.3111111111111111
9 0.154296875 0.71875 0.07890625 0.10972222222222222
10 0.164453125 0.9201388888888888 0.09765625 0.14027777777777778
11 0.24296875 0.7319444444444444 0.075 0.10277777777777777
12 0.280078125 0.9277777777777778 0.08046875 0.12222222222222222
