0 0.480859375 0.29930555555555555 0.05703125 0.12916666666666668
1 0.481640625 0.5541666666666667 0.04296875 0.075
2 0.44765625 0.47152777777777777 0.040625 0.06527777777777778
3 0.46015625 0.3701388888888889 0.0375 0.07361111111111111
4 0.52734375 0.36527777777777776 0.046875 0.08055555555555556
5 0.558984375 0.46319444444444446 0.03984375 0.07361111111111111
6 0.56484375 0.5826388888888889 0.0421875 0.07916666666666666
7 0.52578125 0.5868055555555556 0.10625 0.09583333333333334
8 0.49921875 0.4534722222222222 0.103125 0.2013888888888889
9 0.475390625 0.6979166666666666 0.04453125 0.0875
10 0.4859375 0.8506944444444444 0.053125 0.09305555555555556
11 0.55703125 0.6909722222222222 0.046875 0.0875
12 0.571484375 0.8527777777777777 0.05546875 0.10833333333333334
