0 0.231640625 0.10347222222222222 0.07578125 0.15694444444444444
1 0.15703125 0.2986111111111111 0.0734375 0.13055555555555556
2 0.100390625 0.2298611111111111 0.06171875 0.10972222222222222
3 0.16328125 0.1986111111111111 0.0640625 0.10277777777777777
4 0.2859375 0.22152777777777777 0.053125 0.10972222222222222
5 0.311328125 0.3 0.05390625 0.10277777777777777
6 0.373046875 0.36527777777777776 0.05859375 0.125
7 0.221875 0.5291666666666667 0.1640625 0.13055555555555556
8 0.215625 0.33611111111111114 0.1375 0.3277777777777778
9 0.192578125 0.7222222222222222 0.06171875 0.1
10 0.185546875 0.9263888888888889 0.06796875 0.13333333333333333
11 0.28359375 0.6861111111111111 0.0734375 0.11388888888888889
12 0.28671875 0.9215277777777777 0.0734375 0.14583333333333334
