0 0.221875 0.14722222222222223 0.0765625 0.18611111111111112
1 0.12109375 0.4756944444444444 0.08125 0.14305555555555555
2 0.12734375 0.3284722222222222 0.0859375 0.11805555555555555
3 0.173828125 0.23402777777777778 0.09140625 0.09027777777777778
4 0.27109375 0.24375 0.0703125 0.10138888888888889
5 0.312109375 0.3680555555555556 0.07109375 0.08333333333333333
6 0.3546875 0.5118055555555555 0.078125 0.12361111111111112
7 0.205859375 0.5618055555555556 0.13671875 0.1597222222222222
8 0.21796875 0.3729166666666667 0.1234375 0.3236111111111111
9 0.18515625 0.6923611111111111 0.0515625 0.09305555555555556
