0 0.216796875 0.125 0.08359375 0.16111111111111112
1 0.096875 0.4354166666666667 0.0828125 0.12361111111111112
2 0.125390625 0.32222222222222224 0.06484375 0.13055555555555556
3 0.171484375 0.24583333333333332 0.06796875 0.11666666666666667
4 0.26484375 0.24097222222222223 0.0734375 0.12083333333333333
5 0.3109375 0.33541666666666664 0.0703125 0.11805555555555555
6 0.320703125 0.49027777777777776 0.07890625 0.1111111111111111
7 0.217578125 0.5555555555555556 0.16015625 0.1527777777777778
8 0.216796875 0.35208333333333336 0.12265625 0.2708333333333333
9 0.190234375 0.7027777777777777 0.06015625 0.11944444444444445
10 0.2 0.9229166666666667 0.071875 0.1375
11 0.244921875 0.6368055555555555 0.06953125 0.13194444444444445
12 0.24765625 0.8347222222222223 0.0875 0.14722222222222223
