0 0.16484375 0.15902777777777777 0.0734375 0.17083333333333334
2 0.059375 0.3 0.0671875 0.10555555555555556
3 0.127734375 0.25555555555555554 0.05546875 0.12222222222222222
4 0.238671875 0.2222222222222222 0.06640625 0.12777777777777777
5 0.312890625 0.22847222222222222 0.05390625 0.12361111111111112
6 0.386328125 0.3402777777777778 0.06015625 0.15833333333333333
7 0.22734375 0.5375 0.1515625 0.16944444444444445
8 0.195703125 0.3715277777777778 0.16171875 0.2847222222222222
9 0.190234375 0.725 0.06484375 0.11666666666666667
10 0.162109375 0.9291666666666667 0.08828125 0.12222222222222222
11 0.266796875 0.7097222222222223 0.06796875 0.12222222222222222
12 0.27421875 0.9319444444444445 0.078125 0.12222222222222222
