0 0.201953125 0.11736111111111111 0.07734375 0.15694444444444444
1 0.0453125 0.24027777777777778 0.08125 0.08611111111111111
3 0.128125 0.20833333333333334 0.078125 0.10833333333333334
4 0.234765625 0.22083333333333333 0.06796875 0.1111111111111111
5 0.28046875 0.2902777777777778 0.0625 0.10555555555555556
6 0.369921875 0.31319444444444444 0.08046875 0.10416666666666667
7 0.182421875 0.5243055555555556 0.17890625 0.1597222222222222
8 0.1828125 0.3423611111111111 0.1421875 0.37916666666666665
9 0.1421875 0.7159722222222222 0.0625 0.09305555555555556
10 0.12890625 0.9041666666666667 0.0734375 0.15833333333333333
11 0.225 0.7173611111111111 0.078125 0.14027777777777778
12 0.239453125 0.9243055555555556 0.12109375 0.12916666666666668
