0 0.20546875 0.12083333333333333 0.08125 0.17777777777777778
2 0.0703125 0.2604166666666667 0.0703125 0.12638888888888888
3 0.13125 0.20416666666666666 0.0765625 0.13333333333333333
4 0.251171875 0.21736111111111112 0.07578125 0.11805555555555555
5 0.2875 0.2847222222222222 0.0515625 0.10277777777777777
6 0.351953125 0.2638888888888889 0.08203125 0.08333333333333333
7 0.194921875 0.5270833333333333 0.18046875 0.15416666666666667
8 0.1890625 0.3402777777777778 0.128125 0.3138888888888889
9 0.1359375 0.6965277777777777 0.08125 0.14305555555555555
10 0.126171875 0.9201388888888888 0.06640625 0.12083333333333333
11 0.228515625 0.7215277777777778 0.08515625 0.13194444444444445
12 0.24375 0.9284722222222223 0.1203125 0.11805555555555555
