0 0.208984375 0.12361111111111112 0.07890625 0.18333333333333332
1 0.095703125 0.39305555555555555 0.05859375 0.13055555555555556
2 0.1171875 0.26319444444444445 0.0609375 0.11527777777777778
3 0.159765625 0.20902777777777778 0.06640625 0.11805555555555555
4 0.26640625 0.22708333333333333 0.075 0.11527777777777778
5 0.297265625 0.38263888888888886 0.05703125 0.10972222222222222
6 0.297265625 0.5479166666666667 0.05859375 0.12361111111111112
7 0.21796875 0.5513888888888889 0.146875 0.14722222222222223
8 0.2125 0.34791666666666665 0.1421875 0.3458333333333333
9 0.1859375 0.7375 0.0609375 0.12222222222222222
10 0.168359375 0.9270833333333334 0.08984375 0.14027777777777778
11 0.25703125 0.7215277777777778 0.06875 0.11805555555555555
12 0.268359375 0.9229166666666667 0.08671875 0.13194444444444445
