0 0.192578125 0.12222222222222222 0.07578125 0.18055555555555555
1 0.091015625 0.41805555555555557 0.07109375 0.11944444444444445
3 0.1484375 0.21597222222222223 0.0671875 0.10694444444444444
4 0.250390625 0.21319444444444444 0.06796875 0.12361111111111112
5 0.31484375 0.29444444444444445 0.0703125 0.10555555555555556
6 0.321875 0.4625 0.065625 0.1388888888888889
7 0.20859375 0.5347222222222222 0.153125 0.15555555555555556
8 0.19921875 0.3638888888888889 0.1078125 0.33055555555555555
9 0.146484375 0.6868055555555556 0.06328125 0.09861111111111111
10 0.14765625 0.9194444444444444 0.0953125 0.14722222222222223
11 0.23828125 0.7027777777777777 0.084375 0.09722222222222222
12 0.2515625 0.9277777777777778 0.096875 0.1361111111111111
