0 0.16796875 0.1527777777777778 0.096875 0.16111111111111112
1 0.075 0.4083333333333333 0.0796875 0.125
2 0.071484375 0.28125 0.08359375 0.11805555555555555
3 0.123828125 0.24305555555555555 0.06484375 0.10555555555555556
4 0.234375 0.22291666666666668 0.0671875 0.12916666666666668
5 0.29296875 0.24513888888888888 0.0671875 0.11805555555555555
6 0.274609375 0.39861111111111114 0.06484375 0.10833333333333334
7 0.226953125 0.5569444444444445 0.18046875 0.14722222222222223
8 0.19609375 0.37083333333333335 0.1515625 0.30277777777777776
9 0.189453125 0.7041666666666667 0.06796875 0.10555555555555556
10 0.16015625 0.9125 0.10625 0.15555555555555556
11 0.266015625 0.6951388888888889 0.06015625 0.12638888888888888
12 0.27890625 0.9222222222222223 0.075 0.14722222222222223
