0 0.1671875 0.15138888888888888 0.071875 0.175
2 0.053515625 0.3055555555555556 0.06640625 0.10555555555555556
3 0.11953125 0.26458333333333334 0.0640625 0.12083333333333333
4 0.24453125 0.23194444444444445 0.0796875 0.13055555555555556
5 0.308203125 0.2520833333333333 0.06484375 0.12638888888888888
6 0.391015625 0.325 0.07890625 0.1361111111111111
7 0.2328125 0.5430555555555555 0.1609375 0.1361111111111111
8 0.199609375 0.36666666666666664 0.16953125 0.33055555555555555
9 0.18671875 0.7194444444444444 0.0703125 0.1388888888888889
10 0.166796875 0.9409722222222222 0.09921875 0.1125
11 0.26484375 0.7104166666666667 0.065625 0.10972222222222222
12 0.273046875 0.9236111111111112 0.07265625 0.13333333333333333
