0 0.1890625 0.17777777777777778 0.0859375 0.14444444444444443
1 0.1375 0.40069444444444446 0.0890625 0.11527777777777778
3 0.172265625 0.2777777777777778 0.07265625 0.09444444444444444
4 0.25078125 0.2361111111111111 0.0640625 0.09166666666666666
5 0.293359375 0.30277777777777776 0.08359375 0.125
6 0.226171875 0.35347222222222224 0.06484375 0.10138888888888889
7 0.27578125 0.5388888888888889 0.1953125 0.125
8 0.241015625 0.4076388888888889 0.13828125 0.25972222222222224
9 0.210546875 0.7055555555555556 0.08671875 0.125
10 0.205078125 0.9208333333333333 0.08984375 0.10555555555555556
11 0.31328125 0.6805555555555556 0.075 0.1
12 0.355859375 0.9138888888888889 0.10546875 0.11666666666666667
