0 0.162109375 0.1375 0.07734375 0.15833333333333333
2 0.05 0.3 0.06875 0.11388888888888889
3 0.123828125 0.24722222222222223 0.06328125 0.11944444444444445
4 0.240625 0.23125 0.06875 0.13194444444444445
5 0.31484375 0.2465277777777778 0.0484375 0.12083333333333333
6 0.39375 0.3541666666666667 0.075 0.15
7 0.226171875 0.5430555555555555 0.16640625 0.1388888888888889
8 0.203125 0.3548611111111111 0.153125 0.29305555555555557
9 0.180078125 0.75 0.07578125 0.125
10 0.166015625 0.9402777777777778 0.08671875 0.1111111111111111
11 0.269921875 0.7173611111111111 0.06640625 0.10972222222222222
12 0.272265625 0.9298611111111111 0.07265625 0.13194444444444445
