0 0.530859375 0.28194444444444444 0.05234375 0.12777777777777777
1 0.439453125 0.44027777777777777 0.03671875 0.06944444444444445
2 0.471484375 0.4152777777777778 0.03203125 0.06388888888888888
3 0.48984375 0.3576388888888889 0.040625 0.06527777777777778
4 0.560546875 0.36527777777777776 0.03515625 0.07222222222222222
5 0.591796875 0.43194444444444446 0.03203125 0.06666666666666667
6 0.646875 0.3840277777777778 0.0421875 0.0625
7 0.517578125 0.5965277777777778 0.08828125 0.10694444444444444
8 0.523046875 0.45208333333333334 0.07109375 0.23194444444444445
9 0.49375 0.7159722222222222 0.0359375 0.07916666666666666
10 0.4796875 0.8590277777777777 0.0390625 0.09583333333333334
11 0.53515625 0.7270833333333333 0.04375 0.07916666666666666
12 0.525390625 0.8666666666666667 0.05078125 0.08611111111111111
