0 0.24453125 0.11041666666666666 0.0875 0.1736111111111111
1 0.10859375 0.42569444444444443 0.0765625 0.12361111111111112
2 0.1078125 0.28541666666666665 0.065625 0.11527777777777778
3 0.180078125 0.19930555555555557 0.07734375 0.11527777777777778
4 0.292578125 0.22569444444444445 0.05546875 0.11527777777777778
5 0.314453125 0.3611111111111111 0.05390625 0.08055555555555556
6 0.312109375 0.50625 0.05703125 0.12361111111111112
7 0.219140625 0.5354166666666667 0.17109375 0.11805555555555555
8 0.22734375 0.3451388888888889 0.1359375 0.3486111111111111
9 0.18828125 0.7270833333333333 0.059375 0.10416666666666667
10 0.17734375 0.9298611111111111 0.078125 0.12916666666666668
11 0.266796875 0.71875 0.06640625 0.10972222222222222
12 0.282421875 0.9319444444444445 0.08203125 0.12222222222222222
