0 0.163671875 0.15833333333333333 0.08828125 0.1527777777777778
1 0.030078125 0.4215277777777778 0.05546875 0.13194444444444445
2 0.069140625 0.30486111111111114 0.06015625 0.09583333333333334
3 0.126171875 0.23402777777777778 0.05859375 0.10694444444444444
4 0.2484375 0.22916666666666666 0.0734375 0.1388888888888889
5 0.32109375 0.2548611111111111 0.0625 0.13472222222222222
6 0.376953125 0.41041666666666665 0.08046875 0.14305555555555555
7 0.22890625 0.5416666666666666 0.1671875 0.1361111111111111
8 0.20625 0.3659722222222222 0.159375 0.31805555555555554
9 0.187890625 0.7381944444444445 0.06796875 0.10972222222222222
10 0.169140625 0.9284722222222223 0.08984375 0.11805555555555555
11 0.265625 0.7069444444444445 0.0703125 0.11388888888888889
12 0.2703125 0.9263888888888889 0.06875 0.1388888888888889
