0 0.15390625 0.18472222222222223 0.0859375 0.1638888888888889
1 0.060546875 0.48819444444444443 0.06171875 0.1486111111111111
2 0.0859375 0.3506944444444444 0.0671875 0.12083333333333333
3 0.117578125 0.27361111111111114 0.06328125 0.08888888888888889
4 0.213671875 0.27847222222222223 0.08671875 0.12916666666666668
5 0.262890625 0.3902777777777778 0.10234375 0.11388888888888889
6 0.30390625 0.5604166666666667 0.0984375 0.13194444444444445
7 0.21796875 0.5715277777777777 0.1625 0.12638888888888888
8 0.1765625 0.4027777777777778 0.1625 0.2916666666666667
9 0.18125 0.7173611111111111 0.071875 0.12361111111111112
10 0.14296875 0.9270833333333334 0.1078125 0.12083333333333333
11 0.245703125 0.6965277777777777 0.08203125 0.10138888888888889
12 0.266796875 0.9409722222222222 0.09921875 0.09861111111111111
