0 0.16796875 0.14027777777777778 0.0796875 0.175
1 0.051953125 0.3506944444444444 0.08046875 0.1125
3 0.141796875 0.23333333333333334 0.06171875 0.10277777777777777
4 0.22265625 0.21736111111111112 0.071875 0.10138888888888889
5 0.287890625 0.2847222222222222 0.07890625 0.1
6 0.2015625 0.3326388888888889 0.075 0.10694444444444444
7 0.220703125 0.5423611111111111 0.17421875 0.1375
8 0.201953125 0.36180555555555555 0.15078125 0.29583333333333334
9 0.1796875 0.7125 0.065625 0.12222222222222222
10 0.137109375 0.9409722222222222 0.09765625 0.10694444444444444
11 0.253515625 0.7 0.08359375 0.10833333333333334
12 0.256640625 0.9347222222222222 0.10390625 0.11388888888888889
