0 0.225 0.10972222222222222 0.0765625 0.16944444444444445
1 0.058203125 0.23194444444444445 0.06796875 0.10555555555555556
2 0.10859375 0.2798611111111111 0.0484375 0.10972222222222222
3 0.157421875 0.21597222222222223 0.06640625 0.10694444444444444
4 0.267578125 0.20416666666666666 0.04609375 0.09444444444444444
5 0.309765625 0.2590277777777778 0.03828125 0.09027777777777778
6 0.358203125 0.2611111111111111 0.07890625 0.075
7 0.23046875 0.5361111111111111 0.171875 0.15
8 0.2125 0.34375 0.1484375 0.31805555555555554
9 0.17265625 0.7104166666666667 0.0640625 0.11527777777777778
10 0.153515625 0.9208333333333333 0.07265625 0.14166666666666666
11 0.266796875 0.6930555555555555 0.08203125 0.13333333333333333
12 0.27890625 0.9145833333333333 0.0953125 0.14027777777777778
