0 0.227734375 0.11666666666666667 0.06796875 0.14722222222222223
1 0.20703125 0.22152777777777777 0.0671875 0.10138888888888889
2 0.1296875 0.2604166666666667 0.0609375 0.10972222222222222
3 0.17734375 0.19583333333333333 0.065625 0.08888888888888889
4 0.2640625 0.20694444444444443 0.0453125 0.09166666666666666
5 0.290625 0.28680555555555554 0.0515625 0.1125
6 0.366015625 0.3034722222222222 0.08515625 0.10138888888888889
7 0.21015625 0.5159722222222223 0.18125 0.16805555555555557
8 0.21875 0.3368055555555556 0.1171875 0.3402777777777778
9 0.176171875 0.7215277777777778 0.06796875 0.10416666666666667
10 0.1546875 0.9305555555555556 0.071875 0.13055555555555556
11 0.264453125 0.7125 0.06796875 0.125
12 0.270703125 0.9236111111111112 0.10390625 0.13333333333333333
