0 0.232421875 0.1451388888888889 0.08984375 0.14027777777777778
1 0.222265625 0.2548611111111111 0.08359375 0.12361111111111112
2 0.13671875 0.19166666666666668 0.078125 0.09444444444444444
4 0.262890625 0.2375 0.04453125 0.10277777777777777
6 0.338671875 0.43472222222222223 0.07265625 0.12222222222222222
7 0.1921875 0.5381944444444444 0.15625 0.16527777777777777
8 0.202734375 0.3680555555555556 0.13046875 0.3333333333333333
9 0.157421875 0.7118055555555556 0.08828125 0.09861111111111111
10 0.1625 0.9173611111111111 0.078125 0.14305555555555555
11 0.25 0.71875 0.0703125 0.13472222222222222
12 0.25078125 0.9298611111111111 0.1078125 0.12916666666666668
