0 0.22109375 0.12916666666666668 0.0671875 0.16944444444444445
1 0.108203125 0.3715277777777778 0.07421875 0.09027777777777778
2 0.106640625 0.3159722222222222 0.07265625 0.09583333333333334
3 0.159375 0.24722222222222223 0.0734375 0.13055555555555556
4 0.280078125 0.24513888888888888 0.08203125 0.12638888888888888
5 0.32578125 0.2798611111111111 0.053125 0.0763888888888889
6 0.351171875 0.3861111111111111 0.08515625 0.10833333333333334
7 0.23125 0.5388888888888889 0.1703125 0.1388888888888889
8 0.221484375 0.35 0.14765625 0.3055555555555556
9 0.178515625 0.7125 0.06640625 0.11666666666666667
10 0.15703125 0.925 0.0796875 0.1361111111111111
11 0.265234375 0.68125 0.08515625 0.1125
12 0.282421875 0.9256944444444445 0.09453125 0.1375
