0 0.203125 0.12777777777777777 0.084375 0.17777777777777778
1 0.134375 0.34930555555555554 0.0859375 0.13194444444444445
2 0.082421875 0.2798611111111111 0.06953125 0.10138888888888889
3 0.142578125 0.21319444444444444 0.07578125 0.10694444444444444
4 0.242578125 0.24166666666666667 0.05703125 0.09722222222222222
5 0.2640625 0.34305555555555556 0.0625 0.07222222222222222
6 0.305859375 0.4125 0.07734375 0.11666666666666667
7 0.208984375 0.51875 0.20078125 0.12361111111111112
8 0.184375 0.33402777777777776 0.1203125 0.31527777777777777
9 0.161328125 0.7083333333333334 0.07421875 0.14166666666666666
10 0.162890625 0.9277777777777778 0.07734375 0.11944444444444445
11 0.263671875 0.5875 0.10390625 0.14166666666666666
12 0.21953125 0.7986111111111112 0.0875 0.14166666666666666
