0 0.167578125 0.17777777777777778 0.08515625 0.17222222222222222
1 0.06875 0.48541666666666666 0.0640625 0.1486111111111111
2 0.083203125 0.34097222222222223 0.07265625 0.12361111111111112
3 0.12578125 0.25277777777777777 0.065625 0.10833333333333334
4 0.228515625 0.26458333333333334 0.08515625 0.12361111111111112
5 0.2953125 0.3611111111111111 0.0890625 0.10277777777777777
6 0.292578125 0.5402777777777777 0.09609375 0.12777777777777777
7 0.214453125 0.5673611111111111 0.15859375 0.12638888888888888
8 0.187109375 0.38125 0.13359375 0.25972222222222224
9 0.163671875 0.7131944444444445 0.06328125 0.11805555555555555
10 0.238671875 0.7034722222222223 0.08359375 0.1125
11 0.150390625 0.9229166666666667 0.08828125 0.12916666666666668
12 0.262109375 0.9215277777777777 0.07578125 0.1375
