0 0.19921875 0.1361111111111111 0.0703125 0.18055555555555555
1 0.030078125 0.43819444444444444 0.06015625 0.14583333333333334
2 0.07421875 0.3111111111111111 0.0625 0.11944444444444445
3 0.135546875 0.23680555555555555 0.06015625 0.13194444444444445
4 0.246484375 0.26319444444444445 0.08203125 0.1375
5 0.295703125 0.3548611111111111 0.07109375 0.09583333333333334
6 0.326171875 0.5 0.08203125 0.13333333333333333
7 0.180078125 0.5541666666666667 0.16796875 0.14722222222222223
8 0.182421875 0.3597222222222222 0.13359375 0.3388888888888889
9 0.130078125 0.7229166666666667 0.06171875 0.09861111111111111
10 0.1203125 0.9208333333333333 0.0765625 0.13333333333333333
11 0.24375 0.7291666666666666 0.084375 0.11388888888888889
12 0.240625 0.9138888888888889 0.10625 0.16111111111111112
