0 0.162890625 0.15 0.08046875 0.16666666666666666
1 0.068359375 0.43472222222222223 0.07734375 0.1361111111111111
2 0.070703125 0.2743055555555556 0.06328125 0.12083333333333333
3 0.125 0.23194444444444445 0.0578125 0.10555555555555556
4 0.23671875 0.22430555555555556 0.0734375 0.12361111111111112
5 0.305859375 0.25 0.07734375 0.10555555555555556
6 0.31171875 0.4222222222222222 0.0640625 0.14722222222222223
7 0.218359375 0.5326388888888889 0.15234375 0.17916666666666667
8 0.19453125 0.3625 0.165625 0.3138888888888889
9 0.18125 0.7236111111111111 0.071875 0.13055555555555556
10 0.15703125 0.9340277777777778 0.103125 0.12083333333333333
11 0.264453125 0.7173611111111111 0.07734375 0.12638888888888888
12 0.272265625 0.9319444444444445 0.08671875 0.11388888888888889
