0 0.15234375 0.12777777777777777 0.078125 0.16111111111111112
1 0.06953125 0.5013888888888889 0.071875 0.13055555555555556
3 0.11875 0.225 0.0640625 0.1111111111111111
4 0.203515625 0.2222222222222222 0.08515625 0.12777777777777777
5 0.2265625 0.3611111111111111 0.0546875 0.1
6 0.17421875 0.4965277777777778 0.084375 0.10416666666666667
7 0.18203125 0.5708333333333333 0.146875 0.10555555555555556
8 0.16328125 0.3597222222222222 0.121875 0.3138888888888889
9 0.134765625 0.7409722222222223 0.06484375 0.10972222222222222
10 0.13515625 0.9347222222222222 0.10625 0.1111111111111111
11 0.219921875 0.7263888888888889 0.07578125 0.11944444444444445
12 0.2578125 0.9118055555555555 0.0921875 0.15138888888888888
