0 0.165625 0.14444444444444443 0.0796875 0.18055555555555555
1 0.08671875 0.45208333333333334 0.0765625 0.12083333333333333
2 0.089453125 0.32708333333333334 0.06796875 0.11527777777777778
3 0.130078125 0.24722222222222223 0.06640625 0.09444444444444444
4 0.2296875 0.23125 0.0765625 0.12083333333333333
5 0.280859375 0.3506944444444444 0.07109375 0.10694444444444444
6 0.243359375 0.5083333333333333 0.09296875 0.09722222222222222
7 0.219921875 0.5590277777777778 0.17265625 0.1125
8 0.187109375 0.3638888888888889 0.12890625 0.2916666666666667
9 0.190234375 0.7208333333333333 0.05859375 0.11388888888888889
10 0.166796875 0.9277777777777778 0.08984375 0.11666666666666667
11 0.262890625 0.7090277777777778 0.06015625 0.10138888888888889
12 0.276171875 0.9256944444444445 0.08359375 0.13472222222222222
