0 0.5015625 0.2652777777777778 0.0484375 0.125
1 0.457421875 0.3861111111111111 0.02890625 0.07777777777777778
2 0.42421875 0.38263888888888886 0.0296875 0.07361111111111111
3 0.4625 0.34305555555555556 0.0359375 0.06666666666666667
4 0.53828125 0.34305555555555556 0.034375 0.07222222222222222
5 0.55546875 0.40902777777777777 0.0359375 0.05138888888888889
6 0.556640625 0.48194444444444445 0.04296875 0.06666666666666667
7 0.492578125 0.5611111111111111 0.09140625 0.09166666666666666
8 0.49453125 0.44027777777777777 0.071875 0.21388888888888888
9 0.459375 0.6923611111111111 0.0328125 0.06805555555555555
10 0.45390625 0.84375 0.04375 0.09305555555555556
11 0.523828125 0.69375 0.04765625 0.06805555555555555
12 0.539453125 0.8430555555555556 0.04765625 0.1
