0 0.241015625 0.10694444444444444 0.08828125 0.17222222222222222
1 0.166015625 0.1875 0.07421875 0.12222222222222222
2 0.1078125 0.18263888888888888 0.0875 0.10694444444444444
4 0.2796875 0.23472222222222222 0.05 0.10277777777777777
5 0.298828125 0.34375 0.06015625 0.13472222222222222
6 0.371875 0.3701388888888889 0.0734375 0.12083333333333333
7 0.220703125 0.5645833333333333 0.18515625 0.19583333333333333
8 0.225390625 0.34444444444444444 0.14453125 0.3527777777777778
9 0.1921875 0.6729166666666667 0.0640625 0.09861111111111111
10 0.19296875 0.8930555555555556 0.075 0.175
11 0.258984375 0.7020833333333333 0.06171875 0.12916666666666668
12 0.25859375 0.9194444444444444 0.0921875 0.1527777777777778
