0 0.187109375 0.12291666666666666 0.06328125 0.18194444444444444
1 0.06015625 0.33958333333333335 0.0640625 0.11805555555555555
2 0.05625 0.20694444444444443 0.0546875 0.10833333333333334
3 0.127734375 0.2048611111111111 0.05546875 0.13472222222222222
4 0.248828125 0.23333333333333334 0.06484375 0.11388888888888889
5 0.273046875 0.36319444444444443 0.05390625 0.11805555555555555
6 0.279296875 0.53125 0.05703125 0.1125
7 0.20234375 0.5458333333333333 0.1328125 0.14722222222222223
8 0.19609375 0.32916666666666666 0.125 0.3416666666666667
9 0.1703125 0.7270833333333333 0.06875 0.09583333333333334
10 0.16171875 0.9236111111111112 0.0859375 0.14166666666666666
11 0.241015625 0.7319444444444444 0.06484375 0.10555555555555556
12 0.25625 0.9368055555555556 0.0796875 0.11805555555555555
