0 0.186328125 0.12916666666666668 0.06953125 0.1638888888888889
1 0.095703125 0.43194444444444446 0.05859375 0.11944444444444445
3 0.1609375 0.2388888888888889 0.059375 0.08888888888888889
4 0.2453125 0.23125 0.075 0.12083333333333333
5 0.301171875 0.3125 0.08359375 0.10277777777777777
6 0.31640625 0.4909722222222222 0.0703125 0.12916666666666668
7 0.203125 0.5291666666666667 0.14375 0.1111111111111111
8 0.198828125 0.35625 0.12578125 0.31527777777777777
10 0.201953125 0.9451388888888889 0.05859375 0.06527777777777778
11 0.18671875 0.7041666666666667 0.075 0.10833333333333334
12 0.145703125 0.9451388888888889 0.08203125 0.09583333333333334
