0 0.19296875 0.1284722222222222 0.0859375 0.1597222222222222
1 0.084765625 0.3888888888888889 0.07578125 0.12777777777777777
3 0.15390625 0.2263888888888889 0.0546875 0.1388888888888889
4 0.25625 0.22847222222222222 0.0734375 0.14027777777777778
5 0.30625 0.2875 0.06875 0.11944444444444445
6 0.32734375 0.4673611111111111 0.0671875 0.14305555555555555
7 0.212890625 0.5465277777777777 0.17109375 0.1597222222222222
8 0.2109375 0.36944444444444446 0.1421875 0.325
9 0.166015625 0.7138888888888889 0.07890625 0.12777777777777777
10 0.140234375 0.9118055555555555 0.11171875 0.13194444444444445
11 0.25 0.6895833333333333 0.0921875 0.10416666666666667
12 0.257421875 0.9243055555555556 0.09140625 0.13194444444444445
