0 0.17109375 0.1527777777777778 0.084375 0.15555555555555556
1 0.095703125 0.4166666666666667 0.07578125 0.11388888888888889
2 0.083984375 0.27847222222222223 0.07109375 0.10416666666666667
3 0.12734375 0.22708333333333333 0.0640625 0.09861111111111111
4 0.233984375 0.22291666666666668 0.06796875 0.10138888888888889
5 0.30390625 0.24583333333333332 0.0578125 0.1111111111111111
6 0.263671875 0.40347222222222223 0.09765625 0.10694444444444444
7 0.227734375 0.5381944444444444 0.16015625 0.15138888888888888
8 0.19453125 0.3819444444444444 0.165625 0.3055555555555556
9 0.184375 0.7402777777777778 0.078125 0.11666666666666667
10 0.1609375 0.9361111111111111 0.1 0.12222222222222222
11 0.268359375 0.7236111111111111 0.06484375 0.1111111111111111
12 0.276171875 0.9368055555555556 0.08671875 0.1125
