0 0.21953125 0.1375 0.0703125 0.18611111111111112
1 0.10703125 0.3861111111111111 0.0765625 0.1
3 0.149609375 0.2423611111111111 0.06953125 0.12361111111111112
4 0.262890625 0.2361111111111111 0.05234375 0.11388888888888889
6 0.33515625 0.40902777777777777 0.0703125 0.1375
7 0.24296875 0.5486111111111112 0.175 0.15833333333333333
8 0.224609375 0.36041666666666666 0.14921875 0.30972222222222223
9 0.198046875 0.725 0.08046875 0.11388888888888889
10 0.174609375 0.91875 0.09921875 0.1486111111111111
11 0.303515625 0.6951388888888889 0.08046875 0.14305555555555555
12 0.317578125 0.8979166666666667 0.09921875 0.1597222222222222
