0 0.18046875 0.17777777777777778 0.09375 0.15555555555555556
1 0.112109375 0.4076388888888889 0.07734375 0.09583333333333334
3 0.166015625 0.28125 0.07578125 0.09027777777777778
4 0.248828125 0.2263888888888889 0.08359375 0.11944444444444445
5 0.318359375 0.2625 0.07421875 0.13055555555555556
6 0.362109375 0.3951388888888889 0.10078125 0.10972222222222222
7 0.274609375 0.5548611111111111 0.15390625 0.12916666666666668
8 0.241796875 0.40069444444444446 0.15078125 0.2625
9 0.2234375 0.7041666666666667 0.078125 0.1111111111111111
10 0.19921875 0.9305555555555556 0.0921875 0.10833333333333334
11 0.3203125 0.6854166666666667 0.0890625 0.10972222222222222
12 0.3515625 0.9145833333333333 0.1109375 0.14583333333333334
