0 0.167578125 0.14444444444444443 0.07265625 0.17777777777777778
1 0.0828125 0.4375 0.0609375 0.125
2 0.091796875 0.3125 0.05703125 0.10833333333333334
3 0.131640625 0.23472222222222222 0.05546875 0.10833333333333334
4 0.2265625 0.2152777777777778 0.0734375 0.11944444444444445
5 0.284375 0.3076388888888889 0.0828125 0.11527777777777778
6 0.276171875 0.49027777777777776 0.06953125 0.1388888888888889
7 0.223046875 0.5465277777777777 0.15078125 0.13194444444444445
8 0.196875 0.36944444444444446 0.146875 0.325
9 0.1828125 0.7243055555555555 0.065625 0.11805555555555555
10 0.1671875 0.9263888888888889 0.096875 0.13055555555555556
11 0.262890625 0.7166666666666667 0.06015625 0.13055555555555556
12 0.278125 0.9284722222222223 0.0734375 0.12083333333333333
