0 0.250390625 0.10138888888888889 0.07421875 0.15555555555555556
1 0.2234375 0.24097222222222223 0.0796875 0.09305555555555556
2 0.144921875 0.25416666666666665 0.06328125 0.10833333333333334
3 0.18671875 0.1840277777777778 0.078125 0.07916666666666666
4 0.3 0.1986111111111111 0.0546875 0.08055555555555556
5 0.3359375 0.32083333333333336 0.0546875 0.10555555555555556
6 0.412109375 0.3 0.06953125 0.08055555555555556
7 0.239453125 0.5076388888888889 0.17578125 0.15694444444444444
8 0.23984375 0.3347222222222222 0.1140625 0.325
9 0.21015625 0.7222222222222222 0.0734375 0.1111111111111111
10 0.203125 0.9291666666666667 0.0703125 0.13055555555555556
11 0.315234375 0.68125 0.10078125 0.10138888888888889
12 0.30390625 0.9083333333333333 0.08125 0.16111111111111112
