0 0.458984375 0.3215277777777778 0.05859375 0.11527777777777778
1 0.444921875 0.5444444444444444 0.03984375 0.075
2 0.430078125 0.48055555555555557 0.05078125 0.06111111111111111
3 0.450390625 0.40347222222222223 0.03046875 0.06527777777777778
4 0.516796875 0.37430555555555556 0.04609375 0.07916666666666666
5 0.53125 0.48125 0.0390625 0.0763888888888889
6 0.504296875 0.5708333333333333 0.05078125 0.06944444444444445
7 0.507421875 0.5965277777777778 0.09765625 0.07361111111111111
8 0.4875 0.4777777777777778 0.0703125 0.2
9 0.466796875 0.6840277777777778 0.04140625 0.08472222222222223
10 0.473828125 0.8506944444444444 0.06328125 0.09861111111111111
11 0.52578125 0.7076388888888889 0.05 0.0763888888888889
12 0.558984375 0.85 0.06484375 0.09166666666666666
