0 0.183203125 0.12361111111111112 0.09453125 0.1527777777777778
1 0.194921875 0.2326388888888889 0.08046875 0.11805555555555555
2 0.11015625 0.2638888888888889 0.0828125 0.09444444444444444
3 0.14375 0.1840277777777778 0.0609375 0.07083333333333333
4 0.23125 0.22916666666666666 0.0453125 0.07777777777777778
6 0.312109375 0.28125 0.08828125 0.09583333333333334
7 0.18203125 0.5444444444444444 0.1609375 0.17777777777777778
8 0.184765625 0.3680555555555556 0.11484375 0.34444444444444444
9 0.14140625 0.7076388888888889 0.0703125 0.12083333333333333
10 0.1265625 0.9194444444444444 0.0765625 0.1388888888888889
11 0.22421875 0.7208333333333333 0.078125 0.13333333333333333
12 0.23828125 0.9243055555555556 0.0953125 0.14305555555555555
