0 0.175390625 0.17152777777777778 0.11484375 0.1486111111111111
1 0.1640625 0.5166666666666667 0.0703125 0.1361111111111111
3 0.165234375 0.28125 0.05859375 0.08472222222222223
4 0.24296875 0.2423611111111111 0.06875 0.10694444444444444
5 0.3140625 0.2923611111111111 0.0828125 0.12916666666666668
6 0.33125 0.45069444444444445 0.09375 0.10138888888888889
7 0.28359375 0.5763888888888888 0.1515625 0.13055555555555556
8 0.2421875 0.4125 0.159375 0.2777777777777778
9 0.21875 0.7222222222222222 0.0875 0.1111111111111111
10 0.197265625 0.9236111111111112 0.10546875 0.1388888888888889
11 0.31640625 0.7034722222222223 0.084375 0.10416666666666667
12 0.34296875 0.9125 0.09375 0.1361111111111111
