0 0.147265625 0.13958333333333334 0.07109375 0.1736111111111111
1 0.11015625 0.5131944444444444 0.0546875 0.1125
3 0.124609375 0.2569444444444444 0.06328125 0.09444444444444444
4 0.202734375 0.23541666666666666 0.06796875 0.12361111111111112
5 0.247265625 0.32569444444444445 0.06015625 0.1125
6 0.1765625 0.4534722222222222 0.0734375 0.08472222222222223
7 0.2171875 0.5555555555555556 0.153125 0.14444444444444443
8 0.183203125 0.3736111111111111 0.14921875 0.3055555555555556
9 0.163671875 0.7104166666666667 0.07890625 0.13194444444444445
10 0.14375 0.93125 0.0765625 0.1125
11 0.250390625 0.6986111111111111 0.07265625 0.09444444444444444
12 0.265625 0.9256944444444445 0.1046875 0.1375
