0 0.23828125 0.11041666666666666 0.0734375 0.1486111111111111
1 0.287890625 0.1986111111111111 0.06796875 0.08333333333333333
3 0.185546875 0.19583333333333333 0.05546875 0.10277777777777777
6 0.359765625 0.3284722222222222 0.08671875 0.09027777777777778
7 0.2171875 0.5381944444444444 0.1578125 0.17916666666666667
8 0.226953125 0.3368055555555556 0.10859375 0.32916666666666666
9 0.175390625 0.7166666666666667 0.07578125 0.13055555555555556
10 0.1609375 0.9305555555555556 0.0671875 0.12777777777777777
11 0.269921875 0.7229166666666667 0.07890625 0.13472222222222222
12 0.28046875 0.9319444444444445 0.096875 0.11388888888888889
