0 0.159765625 0.14652777777777778 0.08828125 0.15694444444444444
2 0.0546875 0.31319444444444444 0.0796875 0.09305555555555556
4 0.239453125 0.21875 0.08203125 0.09861111111111111
3 0.121875 0.24791666666666667 0.08125 0.09305555555555556
5 0.32109375 0.24444444444444444 0.0671875 0.13333333333333333
6 0.4234375 0.2798611111111111 0.075 0.12361111111111112
7 0.21640625 0.55 0.1796875 0.15833333333333333
8 0.20078125 0.3597222222222222 0.1796875 0.3111111111111111
9 0.187890625 0.7402777777777778 0.07109375 0.11388888888888889
10 0.16015625 0.9270833333333334 0.0953125 0.1375
11 0.26796875 0.7166666666666667 0.0828125 0.11666666666666667
12 0.280859375 0.9284722222222223 0.06796875 0.12638888888888888
