0 0.51015625 0.25625 0.05 0.11527777777777778
1 0.39609375 0.4305555555555556 0.0375 0.08055555555555556
2 0.44609375 0.4048611111111111 0.034375 0.07361111111111111
3 0.47734375 0.35208333333333336 0.0421875 0.07361111111111111
4 0.55234375 0.3416666666666667 0.0390625 0.09444444444444444
5 0.5890625 0.3875 0.034375 0.075
6 0.64609375 0.42916666666666664 0.0421875 0.07222222222222222
7 0.51015625 0.58125 0.090625 0.08194444444444444
8 0.509765625 0.4305555555555556 0.07421875 0.2361111111111111
9 0.483984375 0.7090277777777778 0.03828125 0.07916666666666666
10 0.48125 0.8513888888888889 0.040625 0.08611111111111111
11 0.525390625 0.7083333333333334 0.03828125 0.07777777777777778
12 0.52578125 0.8597222222222223 0.04375 0.09722222222222222
