0 0.187890625 0.16666666666666666 0.09140625 0.1527777777777778
1 0.18046875 0.575 0.0796875 0.13055555555555556
3 0.16640625 0.29583333333333334 0.0828125 0.1111111111111111
4 0.254296875 0.21805555555555556 0.06953125 0.11388888888888889
5 0.3046875 0.3104166666666667 0.071875 0.12638888888888888
6 0.2875 0.48819444444444443 0.1015625 0.1486111111111111
7 0.2578125 0.5409722222222222 0.1546875 0.12638888888888888
8 0.23203125 0.38333333333333336 0.11875 0.28055555555555556
9 0.207421875 0.7201388888888889 0.07734375 0.09583333333333334
10 0.210546875 0.9284722222222223 0.09609375 0.13194444444444445
11 0.31484375 0.6958333333333333 0.1078125 0.12777777777777777
12 0.3515625 0.9215277777777777 0.09375 0.14583333333333334
