0 0.53046875 0.26944444444444443 0.053125 0.12777777777777777
1 0.4390625 0.5305555555555556 0.034375 0.08055555555555556
2 0.469140625 0.44375 0.02578125 0.07361111111111111
3 0.488671875 0.34305555555555556 0.03203125 0.07222222222222222
4 0.566015625 0.3472222222222222 0.03671875 0.06666666666666667
5 0.578125 0.4618055555555556 0.0328125 0.059722222222222225
6 0.582421875 0.5840277777777778 0.03984375 0.06527777777777778
7 0.5140625 0.5652777777777778 0.0921875 0.09166666666666666
8 0.51953125 0.44583333333333336 0.078125 0.225
9 0.48671875 0.6965277777777777 0.0359375 0.07916666666666666
10 0.48671875 0.8513888888888889 0.0484375 0.08888888888888889
11 0.541796875 0.69375 0.04140625 0.07361111111111111
12 0.546484375 0.85 0.04140625 0.1
