0 0.217578125 0.13055555555555556 0.08203125 0.17777777777777778
1 0.1046875 0.5486111111111112 0.0828125 0.14444444444444443
2 0.136328125 0.375 0.06796875 0.1361111111111111
3 0.174609375 0.25069444444444444 0.08046875 0.12361111111111112
4 0.273828125 0.23055555555555557 0.05703125 0.15
5 0.3015625 0.3423611111111111 0.0671875 0.10416666666666667
6 0.318359375 0.4791666666666667 0.08515625 0.1111111111111111
7 0.246484375 0.5590277777777778 0.16796875 0.13472222222222222
8 0.2359375 0.3819444444444444 0.153125 0.33611111111111114
9 0.205078125 0.7194444444444444 0.09140625 0.15
10 0.191796875 0.9229166666666667 0.10234375 0.1125
11 0.298828125 0.6916666666666667 0.08828125 0.14166666666666666
12 0.310546875 0.8819444444444444 0.08203125 0.16111111111111112
