0 0.190625 0.12361111111111112 0.0765625 0.14722222222222223
1 0.08203125 0.41388888888888886 0.0765625 0.1
3 0.15546875 0.22708333333333333 0.0546875 0.10694444444444444
4 0.24296875 0.22569444444444445 0.065625 0.1125
5 0.301953125 0.29930555555555555 0.07421875 0.10416666666666667
6 0.31484375 0.4673611111111111 0.0890625 0.14583333333333334
7 0.204296875 0.5340277777777778 0.12421875 0.10138888888888889
8 0.201171875 0.3541666666666667 0.11796875 0.31666666666666665
11 0.18203125 0.6805555555555556 0.0828125 0.1111111111111111
11 0.21640625 0.8833333333333333 0.0859375 0.15833333333333333
