0 0.24609375 0.11944444444444445 0.0671875 0.16944444444444445
1 0.111328125 0.3972222222222222 0.06796875 0.1388888888888889
2 0.11015625 0.2361111111111111 0.065625 0.1
3 0.17265625 0.20694444444444443 0.05625 0.13333333333333333
4 0.292578125 0.22430555555555556 0.07421875 0.13472222222222222
5 0.321875 0.3458333333333333 0.0640625 0.07777777777777778
6 0.29765625 0.4777777777777778 0.0734375 0.11388888888888889
7 0.228515625 0.5375 0.16953125 0.11944444444444445
8 0.221484375 0.33819444444444446 0.13046875 0.3375
9 0.187109375 0.7340277777777777 0.08359375 0.10694444444444444
10 0.1828125 0.9347222222222222 0.084375 0.11388888888888889
11 0.269921875 0.7444444444444445 0.06796875 0.125
12 0.2859375 0.9319444444444445 0.0953125 0.12222222222222222
