0 0.20234375 0.12430555555555556 0.0703125 0.1625
1 0.11328125 0.43194444444444446 0.071875 0.1361111111111111
2 0.138671875 0.31805555555555554 0.05390625 0.10833333333333334
3 0.160546875 0.24097222222222223 0.05546875 0.10138888888888889
4 0.255859375 0.22291666666666668 0.06953125 0.13194444444444445
5 0.32265625 0.3138888888888889 0.071875 0.10833333333333334
6 0.351953125 0.49166666666666664 0.07578125 0.13333333333333333
7 0.216796875 0.5479166666666667 0.15234375 0.14027777777777778
8 0.216015625 0.3597222222222222 0.13671875 0.325
9 0.16171875 0.7076388888888889 0.1 0.12916666666666668
10 0.178125 0.9194444444444444 0.1078125 0.1527777777777778
11 0.249609375 0.7055555555555556 0.07421875 0.09166666666666666
12 0.28359375 0.93125 0.075 0.13194444444444445
