0 0.1984375 0.12986111111111112 0.075 0.17083333333333334
1 0.094140625 0.40208333333333335 0.06171875 0.10972222222222222
3 0.158984375 0.22569444444444445 0.05859375 0.10972222222222222
4 0.252734375 0.23125 0.08046875 0.12361111111111112
5 0.313671875 0.30486111111111114 0.07734375 0.10694444444444444
6 0.293359375 0.48055555555555557 0.08671875 0.13055555555555556
7 0.213671875 0.5520833333333334 0.15234375 0.16805555555555557
8 0.208203125 0.36319444444444443 0.12734375 0.3236111111111111
9 0.17265625 0.7236111111111111 0.08125 0.1388888888888889
10 0.139453125 0.9243055555555556 0.07734375 0.14305555555555555
11 0.251171875 0.7118055555555556 0.07890625 0.12361111111111112
12 0.257421875 0.9138888888888889 0.09609375 0.13333333333333333
