0 0.24140625 0.12013888888888889 0.075 0.17083333333333334
1 0.21484375 0.27291666666666664 0.075 0.11527777777777778
2 0.134765625 0.2701388888888889 0.06953125 0.12361111111111112
3 0.17734375 0.19375 0.0609375 0.08472222222222223
4 0.290625 0.22777777777777777 0.0484375 0.1
5 0.3203125 0.32430555555555557 0.053125 0.09583333333333334
6 0.391015625 0.31875 0.07109375 0.10972222222222222
7 0.231640625 0.5034722222222222 0.22734375 0.1486111111111111
8 0.221484375 0.33402777777777776 0.11953125 0.33194444444444443
9 0.185546875 0.7125 0.07578125 0.11388888888888889
10 0.1859375 0.9319444444444445 0.08125 0.125
11 0.314453125 0.5756944444444444 0.07890625 0.11805555555555555
12 0.26875 0.8097222222222222 0.071875 0.16944444444444445
