0 0.232421875 0.125 0.07421875 0.18055555555555555
1 0.09609375 0.39444444444444443 0.0890625 0.14444444444444443
2 0.09140625 0.23541666666666666 0.075 0.11527777777777778
3 0.17109375 0.20972222222222223 0.0671875 0.12777777777777777
4 0.283984375 0.23402777777777778 0.04921875 0.11805555555555555
5 0.31015625 0.3729166666666667 0.046875 0.10138888888888889
6 0.309375 0.5444444444444444 0.05625 0.1111111111111111
7 0.212890625 0.5145833333333333 0.16328125 0.12916666666666668
8 0.21875 0.3333333333333333 0.125 0.33611111111111114
9 0.1875 0.7215277777777778 0.0640625 0.09583333333333334
10 0.18828125 0.9284722222222223 0.0671875 0.12083333333333333
11 0.263671875 0.71875 0.06015625 0.10416666666666667
12 0.283203125 0.9284722222222223 0.08046875 0.12638888888888888
