0 0.255859375 0.17916666666666667 0.07109375 0.11666666666666667
1 0.281640625 0.10277777777777777 0.06953125 0.11666666666666667
2 0.176171875 0.10972222222222222 0.06015625 0.09444444444444444
6 0.312890625 0.4909722222222222 0.06953125 0.09861111111111111
7 0.165625 0.5395833333333333 0.159375 0.19583333333333333
8 0.219921875 0.3798611111111111 0.08515625 0.41805555555555557
9 0.13515625 0.7111111111111111 0.065625 0.13055555555555556
10 0.098046875 0.9152777777777777 0.09921875 0.1638888888888889
11 0.22578125 0.7277777777777777 0.078125 0.13055555555555556
12 0.25078125 0.9333333333333333 0.0984375 0.12777777777777777
