0 0.14921875 0.16805555555555557 0.0859375 0.15833333333333333
1 0.091015625 0.48125 0.08203125 0.14027777777777778
3 0.119140625 0.2722222222222222 0.06640625 0.11944444444444445
4 0.216796875 0.26319444444444445 0.09453125 0.13194444444444445
5 0.2875 0.30833333333333335 0.0703125 0.12777777777777777
6 0.26328125 0.48541666666666666 0.0609375 0.14583333333333334
7 0.220703125 0.5527777777777778 0.15859375 0.12222222222222222
8 0.189453125 0.3770833333333333 0.14921875 0.2708333333333333
9 0.18203125 0.7222222222222222 0.071875 0.1111111111111111
10 0.1390625 0.9256944444444445 0.0921875 0.12361111111111112
11 0.251953125 0.7006944444444444 0.06640625 0.10694444444444444
12 0.25546875 0.9270833333333334 0.1 0.13472222222222222
