0 0.498046875 0.2659722222222222 0.05859375 0.10138888888888889
1 0.385546875 0.4618055555555556 0.04765625 0.06805555555555555
2 0.435546875 0.38819444444444445 0.03515625 0.08194444444444444
3 0.47109375 0.33611111111111114 0.034375 0.058333333333333334
4 0.5453125 0.3368055555555556 0.0421875 0.06805555555555555
5 0.58125 0.4013888888888889 0.0359375 0.075
6 0.6546875 0.42291666666666666 0.059375 0.06805555555555555
7 0.51328125 0.5541666666666667 0.0984375 0.09166666666666666
8 0.508984375 0.43125 0.08515625 0.20972222222222223
9 0.490234375 0.7048611111111112 0.04453125 0.06805555555555555
10 0.49296875 0.8479166666666667 0.0390625 0.09305555555555556
11 0.53203125 0.7041666666666667 0.040625 0.08055555555555556
12 0.5375 0.8513888888888889 0.0421875 0.1
