0 0.2578125 0.11666666666666667 0.0859375 0.16944444444444445
1 0.246484375 0.26944444444444443 0.08828125 0.10277777777777777
2 0.1546875 0.26805555555555555 0.0765625 0.11944444444444445
3 0.190625 0.19166666666666668 0.0640625 0.08611111111111111
4 0.305859375 0.23472222222222222 0.04921875 0.11388888888888889
5 0.341015625 0.3194444444444444 0.04296875 0.10555555555555556
6 0.41015625 0.30694444444444446 0.06875 0.09444444444444444
7 0.23203125 0.5256944444444445 0.159375 0.16527777777777777
8 0.241015625 0.35138888888888886 0.12734375 0.33055555555555555
9 0.1796875 0.6993055555555555 0.0765625 0.12361111111111112
10 0.174609375 0.9125 0.09765625 0.1527777777777778
11 0.2765625 0.7208333333333333 0.065625 0.10833333333333334
12 0.28125 0.9319444444444445 0.08125 0.125
