0 0.2453125 0.175 0.078125 0.125
1 0.265625 0.11041666666666666 0.084375 0.0875
2 0.158203125 0.09236111111111112 0.06484375 0.09861111111111111
6 0.301953125 0.49930555555555556 0.07890625 0.12083333333333333
7 0.151953125 0.5472222222222223 0.16328125 0.18333333333333332
8 0.193359375 0.36875 0.09453125 0.3763888888888889
9 0.1265625 0.7215277777777778 0.0671875 0.10694444444444444
10 0.103125 0.91875 0.0859375 0.13472222222222222
11 0.2015625 0.7173611111111111 0.0796875 0.11805555555555555
12 0.241796875 0.9229166666666667 0.10234375 0.13194444444444445
