0 0.16875 0.14027777777777778 0.0640625 0.18055555555555555
1 0.091015625 0.4354166666666667 0.06484375 0.12916666666666668
2 0.09296875 0.3 0.0609375 0.1111111111111111
3 0.139453125 0.23125 0.07109375 0.10416666666666667
4 0.2375 0.2125 0.084375 0.10555555555555556
5 0.316796875 0.24513888888888888 0.06171875 0.11805555555555555
6 0.316015625 0.4111111111111111 0.08046875 0.12222222222222222
7 0.228515625 0.5451388888888888 0.16640625 0.18194444444444444
8 0.202734375 0.3625 0.15546875 0.3111111111111111
9 0.183203125 0.7277777777777777 0.05703125 0.10833333333333334
10 0.1671875 0.9291666666666667 0.090625 0.125
11 0.26484375 0.7138888888888889 0.075 0.11944444444444445
12 0.275390625 0.9229166666666667 0.08515625 0.14583333333333334
