0 0.462890625 0.2625 0.06015625 0.11666666666666667
1 0.3625 0.4326388888888889 0.0390625 0.08472222222222223
2 0.409765625 0.40694444444444444 0.02734375 0.05555555555555555
3 0.433984375 0.34097222222222223 0.03515625 0.06527777777777778
4 0.50234375 0.33194444444444443 0.034375 0.08333333333333333
5 0.471484375 0.41180555555555554 0.03828125 0.0625
6 0.4078125 0.44513888888888886 0.040625 0.05138888888888889
7 0.470703125 0.5576388888888889 0.09765625 0.09583333333333334
8 0.465234375 0.44375 0.07265625 0.2013888888888889
9 0.43125 0.6930555555555555 0.034375 0.06944444444444445
10 0.4140625 0.8527777777777777 0.053125 0.08333333333333333
11 0.50703125 0.7006944444444444 0.0484375 0.06527777777777778
12 0.5390625 0.8527777777777777 0.0546875 0.08333333333333333
