0 0.246875 0.17152777777777778 0.053125 0.1375
1 0.26015625 0.09861111111111111 0.0765625 0.11666666666666667
2 0.1609375 0.08541666666666667 0.0765625 0.09027777777777778
6 0.310546875 0.4826388888888889 0.08671875 0.12361111111111112
7 0.158203125 0.5375 0.17421875 0.175
8 0.188671875 0.3638888888888889 0.10390625 0.35555555555555557
9 0.126953125 0.7236111111111111 0.07890625 0.13055555555555556
10 0.113671875 0.9340277777777778 0.08359375 0.12083333333333333
11 0.2046875 0.7069444444444445 0.0828125 0.1111111111111111
12 0.23203125 0.9180555555555555 0.1 0.14166666666666666
