0 0.191015625 0.1111111111111111 0.08671875 0.16666666666666666
1 0.105078125 0.5194444444444445 0.08359375 0.14444444444444443
2 0.08046875 0.34444444444444444 0.0703125 0.1
3 0.132421875 0.23194444444444445 0.08359375 0.11944444444444445
4 0.234375 0.22847222222222222 0.071875 0.14027777777777778
5 0.27109375 0.35138888888888886 0.0640625 0.10555555555555556
6 0.281640625 0.5138888888888888 0.06484375 0.15833333333333333
7 0.20625 0.5423611111111111 0.1421875 0.1486111111111111
8 0.192578125 0.3659722222222222 0.13515625 0.3263888888888889
9 0.16953125 0.7347222222222223 0.0578125 0.09722222222222222
10 0.168359375 0.9229166666666667 0.07109375 0.12361111111111112
11 0.234375 0.7298611111111111 0.0671875 0.11527777777777778
12 0.250390625 0.9333333333333333 0.08046875 0.11944444444444445
