0 0.187109375 0.14791666666666667 0.08046875 0.1625
1 0.148828125 0.44513888888888886 0.06015625 0.09861111111111111
3 0.146875 0.26458333333333334 0.0671875 0.09027777777777778
4 0.25703125 0.23402777777777778 0.0578125 0.10972222222222222
5 0.304296875 0.3076388888888889 0.07421875 0.1125
6 0.271484375 0.43194444444444446 0.06796875 0.1
7 0.216796875 0.5458333333333333 0.16640625 0.10833333333333334
8 0.208984375 0.36527777777777776 0.13671875 0.3111111111111111
9 0.165625 0.7083333333333334 0.071875 0.1361111111111111
10 0.1515625 0.9208333333333333 0.09375 0.14166666666666666
11 0.26484375 0.6881944444444444 0.084375 0.13194444444444445
12 0.2890625 0.9236111111111112 0.0953125 0.1361111111111111
