0 0.23046875 0.10625 0.0703125 0.17916666666666667
1 0.09453125 0.10069444444444445 0.0734375 0.12916666666666668
2 0.123828125 0.2847222222222222 0.06796875 0.11388888888888889
3 0.1765625 0.19583333333333333 0.065625 0.08611111111111111
4 0.288671875 0.2076388888888889 0.06171875 0.09583333333333334
5 0.3296875 0.3090277777777778 0.05625 0.09027777777777778
6 0.334765625 0.4625 0.05234375 0.125
7 0.226953125 0.5284722222222222 0.17109375 0.14305555555555555
8 0.22890625 0.3326388888888889 0.1359375 0.32083333333333336
9 0.1890625 0.7159722222222222 0.0671875 0.10416666666666667
10 0.186328125 0.9243055555555556 0.05703125 0.14305555555555555
11 0.2640625 0.7138888888888889 0.06875 0.12222222222222222
12 0.280859375 0.925 0.08203125 0.14444444444444443
