0 0.183203125 0.18055555555555555 0.08984375 0.16111111111111112
1 0.043359375 0.4388888888888889 0.06484375 0.10833333333333334
2 0.070703125 0.29375 0.06796875 0.12916666666666668
3 0.134765625 0.2638888888888889 0.06015625 0.11944444444444445
4 0.25078125 0.2513888888888889 0.071875 0.1388888888888889
5 0.32421875 0.2833333333333333 0.0703125 0.11944444444444445
6 0.38828125 0.37430555555555556 0.0796875 0.14305555555555555
7 0.221484375 0.5555555555555556 0.13828125 0.1388888888888889
8 0.201953125 0.3902777777777778 0.16484375 0.28888888888888886
9 0.158203125 0.7104166666666667 0.07734375 0.11527777777777778
10 0.162109375 0.9326388888888889 0.08828125 0.12638888888888888
11 0.261328125 0.6986111111111111 0.08671875 0.11944444444444445
12 0.2734375 0.9034722222222222 0.0640625 0.16805555555555557
