0 0.20859375 0.14444444444444443 0.0734375 0.16111111111111112
1 0.109765625 0.5291666666666667 0.06171875 0.11388888888888889
2 0.151171875 0.3715277777777778 0.06953125 0.10972222222222222
3 0.17421875 0.2722222222222222 0.0828125 0.09722222222222222
4 0.273828125 0.22708333333333333 0.08671875 0.11527777777777778
5 0.31875 0.33819444444444446 0.0765625 0.10416666666666667
6 0.316015625 0.4798611111111111 0.08515625 0.13194444444444445
7 0.261328125 0.5715277777777777 0.18671875 0.14027777777777778
8 0.23203125 0.36736111111111114 0.153125 0.2652777777777778
9 0.2171875 0.6986111111111111 0.084375 0.1388888888888889
10 0.2 0.9166666666666666 0.084375 0.1361111111111111
11 0.31171875 0.6993055555555555 0.0859375 0.11527777777777778
12 0.326953125 0.9076388888888889 0.09921875 0.15416666666666667
