0 0.19140625 0.11597222222222223 0.078125 0.1625
1 0.11015625 0.5229166666666667 0.06875 0.1375
2 0.10546875 0.3402777777777778 0.0640625 0.09722222222222222
3 0.131640625 0.2125 0.06328125 0.1111111111111111
4 0.23125 0.23333333333333334 0.0734375 0.13055555555555556
5 0.25703125 0.35555555555555557 0.065625 0.08611111111111111
6 0.269921875 0.4986111111111111 0.06796875 0.11388888888888889
7 0.20078125 0.5430555555555555 0.1625 0.13055555555555556
8 0.190234375 0.3402777777777778 0.13359375 0.3194444444444444
9 0.16171875 0.7319444444444444 0.0765625 0.11944444444444445
10 0.166796875 0.9263888888888889 0.07890625 0.14166666666666666
11 0.265625 0.6583333333333333 0.078125 0.13055555555555556
12 0.23515625 0.86875 0.0796875 0.16805555555555557
