0 0.20078125 0.1423611111111111 0.0734375 0.17916666666666667
1 0.080859375 0.47638888888888886 0.08984375 0.13055555555555556
2 0.115234375 0.36180555555555555 0.07265625 0.11527777777777778
3 0.156640625 0.24722222222222223 0.07734375 0.11944444444444445
4 0.2625 0.2375 0.075 0.12222222222222222
5 0.30703125 0.3138888888888889 0.0703125 0.09166666666666666
6 0.328515625 0.43194444444444446 0.08828125 0.1111111111111111
7 0.227734375 0.54375 0.15234375 0.1375
8 0.221484375 0.3590277777777778 0.13984375 0.28194444444444444
9 0.19609375 0.7173611111111111 0.0734375 0.12361111111111112
10 0.211328125 0.9104166666666667 0.08515625 0.15138888888888888
11 0.277734375 0.6854166666666667 0.09140625 0.12638888888888888
12 0.308984375 0.9215277777777777 0.08984375 0.12361111111111112
